
ST208	1	3	3	2	2	97	3
ST218	1	3	3	2	2	102	3
ST231	10	12	4	11	4	98	5
ST348	1	35	3	2	2	102	3
STN1	16	45	28	144	38	1	2
STN2	2	3	1	110	10	2	3
ST1	1	1	1	1	1	1	6	
ST2	2	2	2	1	1	2	7	
ST3	1	1	1	1	2	1	4
ST23	1	1	1	1	1	28	10
ST27	1	51	1	36	1	98	6
ST17	1	12	12	11	4	10	3
ST106	1	1	1	1	1	98	6
ST187	1	1	1	1	1	9	6
ST203	41	1	12	32	1	98	6	
ST244	1	51	1	1	1	9	6
ST266	1	1	12	32	1	9	6
ST92	1	3	3	2	2	7	3
ST69	1	46	3	2	2	58	3	
ST138	1	3	3	2	2	50	3
ST75	1	3	3	2	2	11	3
ST108	10	12	4	6	4	9	5	
ST109	10	12	4	11	4	9	5
ST135	10	53	74	11	4	80	5	
ST95	10	12	4	11	1	9	5
ST447	1	15	13	12	4	106	2
ST662	1	1	1	36	1	98	6
ST584	1	2	2	2	1	2	7
ST558	1	17	3	2	2	16	3
ST533	1	15	3	2	2	16	3
ST536	22	15	3	2	4	62	2
ST495	1	1	13	12	4	84	2
ST620	1	1	13	12	4	16	2
ST544	1	87	3	2	2	97	3
ST467	1	3	3	2	46	97	3
ST238	1	3	3	2	38	97	3
ST740	10	12	4	11	4	98	2
ST491	10	53	4	11	4	98	5
ST357	1	12	3	2	2	145	3
ST21	1	12	3	2	2	9	3
